Monte Carlo Run 1/1 with Seed: 42
Configuration:
path: /Users/marionajaramillocivill/Documents/GitHub/GNSSjamLoc/RT33/obs_time_1/
time_t: 0
test_ratio: 0.2
data_preprocessing: 2
noise: 1
meas_noise_var: 1
betas: True
input_dim: 2
layer_wid: [500, 256, 128, 1]
nonlinearity: leaky_relu
gamma: 2
num_nodes: 10
local_epochs_nn: 20
local_epochs_pl: 20
num_rounds_nn: 40
num_rounds_pl: 50
batch_size: 8
lr_optimizer_nn: 0.001
lr_optimizer_theta: 0.5
lr_optimizer_P0: 0.01
lr_optimizer_gamma: 0.01
weight_decay_optimizer_nn: 0
model_type: PL
num_obs: 1000
Training the NN model...
Train losses per round (NN): [array(0.2096161, dtype=float32), array(0.1778984, dtype=float32), array(0.18227622, dtype=float32), array(0.16935915, dtype=float32), array(0.165434, dtype=float32), array(0.15811157, dtype=float32), array(0.16351804, dtype=float32), array(0.14872086, dtype=float32), array(0.15742594, dtype=float32), array(0.14631513, dtype=float32), array(0.15303332, dtype=float32), array(0.14146739, dtype=float32), array(0.14566249, dtype=float32), array(0.1556368, dtype=float32), array(0.14363599, dtype=float32), array(0.14188126, dtype=float32), array(0.14525215, dtype=float32), array(0.14152503, dtype=float32), array(0.13985431, dtype=float32), array(0.13951875, dtype=float32), array(0.1457078, dtype=float32), array(0.13826112, dtype=float32), array(0.13576558, dtype=float32), array(0.14622693, dtype=float32), array(0.14129798, dtype=float32), array(0.13194329, dtype=float32), array(0.14226803, dtype=float32), array(0.14622717, dtype=float32), array(0.14049424, dtype=float32), array(0.13066438, dtype=float32), array(0.13800414, dtype=float32), array(0.1380486, dtype=float32), array(0.13701795, dtype=float32), array(0.1328006, dtype=float32), array(0.1268037, dtype=float32), array(0.13341741, dtype=float32), array(0.13009472, dtype=float32), array(0.1367098, dtype=float32), array(0.12836298, dtype=float32), array(0.13586184, dtype=float32)]
